kinematics:
  shoulder:
    x: 0
    y: 0
    z: 0.1627516099027881
    roll: -0
    pitch: 0
    yaw: -2.588612483334432e-07
  upper_arm:
    x: 0.0001597187463005103
    y: 0
    z: 0
    roll: 1.570893416010167
    pitch: 0
    yaw: -7.607489668767779e-07
  forearm:
    x: -0.4252294579220212
    y: 0
    z: 0
    roll: 0.001565060529272743
    pitch: -5.370065735512803e-05
    yaw: 1.013195470477018e-05
  wrist_1:
    x: -0.3927589961539336
    y: -0.0005424265813313796
    z: 0.133112317407573
    roll: 0.004074931528116888
    pitch: -0.002428090008987601
    yaw: 2.76331899400091e-07
  wrist_2:
    x: 5.286648456228441e-05
    y: -0.0997604737940595
    z: 4.696170768726252e-05
    roll: 1.570325582196036
    pitch: 0
    yaw: 1.378859188522208e-06
  wrist_3:
    x: 3.462551368344895e-05
    y: 0.09948089399845156
    z: 0.0001239620891211811
    roll: 1.572042415566102
    pitch: 3.141592653589793
    yaw: 3.141592071425754
  hash: calib_15442978373683023777